{
  "advancedEditorSelectedIdentifier" : "ProjectBrowser",
  "openSceneRelativePaths" : [
    "Immersive.usda",
    "Scene.usda",
    "Materials\/GridMaterial.usda"
  ],
  "recentIdentifiers" : {
    "AF09ED6F-1707-48FD-8720-65B998362C09" : [

    ],
    "D66134B1-3681-4A8E-AFE5-29F257229F3B" : [

    ]
  },
  "sceneCameraHistory" : {
    "012BA544-9FE7-4D98-98CD-D6BD02933770" : [
      {
        "date" : 732108742.566355,
        "title" : "Untitled",
        "transform" : [
          1,
          0,
          -0,
          0,
          -0,
          0.8660253,
          -0.5000001,
          0,
          0,
          0.5000001,
          0.8660253,
          0,
          0,
          0.06447236,
          0.12903264,
          1
        ]
      },
      {
        "date" : 732108740.897995,
        "title" : "Untitled",
        "transform" : [
          1,
          0,
          0,
          0,
          0,
          0.8660253,
          -0.5000001,
          0,
          0,
          0.5000001,
          0.8660253,
          0,
          0,
          0.19985802,
          0.34616426,
          1
        ]
      },
      {
        "date" : 732108739.307565,
        "title" : "Untitled",
        "transform" : [
          1,
          0,
          -0,
          0,
          -0,
          0.8660253,
          -0.5000001,
          0,
          0,
          0.5000001,
          0.8660253,
          0,
          0,
          0.21696047,
          0.37578657,
          1
        ]
      }
    ],
    "AF09ED6F-1707-48FD-8720-65B998362C09" : [
      {
        "date" : 732112231.841626,
        "title" : "Untitled",
        "transform" : [
          0.98374724,
          3.280721e-09,
          0.17955847,
          0,
          0.05099948,
          0.95881623,
          -0.27941102,
          0,
          -0.17216358,
          0.28402725,
          0.9432329,
          0,
          -2.6224213,
          0.9138487,
          2.6725824,
          1
        ]
      },
      {
        "date" : 732111900.545345,
        "title" : "Untitled",
        "transform" : [
          0.98374724,
          3.280721e-09,
          0.17955847,
          0,
          0.05099948,
          0.95881623,
          -0.27941102,
          0,
          -0.17216358,
          0.28402725,
          0.9432329,
          0,
          -1.9543955,
          0.6810584,
          1.991779,
          1
        ]
      },
      {
        "date" : 732111898.873316,
        "title" : "Untitled",
        "transform" : [
          0.98374724,
          3.280721e-09,
          0.17955847,
          0,
          0.05099948,
          0.95881623,
          -0.27941102,
          0,
          -0.17216358,
          0.28402725,
          0.9432329,
          0,
          -1.9526483,
          0.678176,
          1.9822066,
          1
        ]
      },
      {
        "date" : 732111891.290234,
        "title" : "Untitled",
        "transform" : [
          0.98374724,
          3.280721e-09,
          0.17955847,
          0,
          0.05099948,
          0.95881623,
          -0.27941102,
          0,
          -0.17216358,
          0.28402725,
          0.9432329,
          0,
          -0.3041403,
          0.49825165,
          1.6656789,
          1
        ]
      },
      {
        "date" : 732111881.698422,
        "title" : "Untitled",
        "transform" : [
          0.9998596,
          -1.900848e-09,
          0.016759988,
          0,
          0.0018689812,
          0.99376285,
          -0.11149869,
          0,
          -0.016655453,
          0.11151435,
          0.99362326,
          0,
          -1.3808507,
          0.8123851,
          5.119392,
          1
        ]
      },
      {
        "date" : 732111878.950788,
        "title" : "Untitled",
        "transform" : [
          0.9998596,
          -2.0563002e-09,
          0.016759988,
          0,
          0.0018689597,
          0.99376285,
          -0.11149869,
          0,
          -0.01665534,
          0.11151434,
          0.99362326,
          0,
          -0.011118423,
          0.004696996,
          0.5779663,
          1
        ]
      },
      {
        "date" : 732111870.318642,
        "title" : "Untitled",
        "transform" : [
          0.9999789,
          -2.1221405e-09,
          -0.006498939,
          0,
          -0.0021430224,
          0.9440688,
          -0.32974178,
          0,
          0.006135461,
          0.32974872,
          0.94404876,
          0,
          0.0016889045,
          0.1010331,
          0.42685097,
          1
        ]
      },
      {
        "date" : 732111863.474055,
        "title" : "Untitled",
        "transform" : [
          0.9999789,
          -2.1221405e-09,
          -0.006498939,
          0,
          -0.0021430224,
          0.9440688,
          -0.32974178,
          0,
          0.006135461,
          0.32974872,
          0.94404876,
          0,
          0.0016746388,
          0.10114959,
          0.4232455,
          1
        ]
      },
      {
        "date" : 732111854.117847,
        "title" : "Untitled",
        "transform" : [
          0.9960262,
          -2.2947666e-09,
          0.08906023,
          0,
          0.004344967,
          0.9988092,
          -0.048593078,
          0,
          -0.088954166,
          0.048786942,
          0.9948402,
          0,
          -0.03977406,
          -0.022899395,
          0.4327406,
          1
        ]
      },
      {
        "date" : 732111841.182074,
        "title" : "Untitled",
        "transform" : [
          0.93750644,
          -2.186637e-09,
          0.347968,
          0,
          0.14635307,
          0.9072493,
          -0.39430907,
          0,
          -0.3156937,
          0.42059347,
          0.850552,
          0,
          -0.054209232,
          0.053445637,
          0.14488918,
          1
        ]
      }
    ],
    "D66134B1-3681-4A8E-AFE5-29F257229F3B" : [
      {
        "date" : 732111647.671151,
        "title" : "Untitled",
        "transform" : [
          0.9999686,
          -6.466167e-11,
          0.007930006,
          0,
          0.005048191,
          0.7711994,
          -0.6365737,
          0,
          -0.006115615,
          0.63659364,
          0.7711751,
          0,
          -0.0023005756,
          0.17483613,
          0.29010034,
          1
        ]
      },
      {
        "date" : 732111639.778053,
        "title" : "Untitled",
        "transform" : [
          0.9999686,
          -6.466167e-11,
          0.007930006,
          0,
          0.005048191,
          0.7711994,
          -0.6365737,
          0,
          -0.006115615,
          0.63659364,
          0.7711751,
          0,
          -0.003469011,
          0.2964623,
          0.43743932,
          1
        ]
      },
      {
        "date" : 732111602.622154,
        "title" : "Untitled",
        "transform" : [
          0.9999686,
          -6.466167e-11,
          0.007930006,
          0,
          0.005048191,
          0.7711994,
          -0.6365737,
          0,
          -0.006115615,
          0.63659364,
          0.7711751,
          0,
          -0.004967052,
          0.45239827,
          0.62634194,
          1
        ]
      },
      {
        "date" : 732110350.543497,
        "title" : "Untitled",
        "transform" : [
          0.99996847,
          -6.4661665e-11,
          0.007930005,
          0,
          0.0050481907,
          0.7711993,
          -0.6365736,
          0,
          -0.006115615,
          0.63659364,
          0.7711751,
          0,
          -0.004359204,
          0.3891254,
          0.54969275,
          1
        ]
      },
      {
        "date" : 732109597.398614,
        "title" : "Untitled",
        "transform" : [
          0.99999994,
          0,
          0,
          0,
          0,
          0.8660254,
          -0.49999988,
          0,
          0,
          0.49999988,
          0.8660254,
          0,
          0,
          0.36277398,
          0.72804046,
          1
        ]
      },
      {
        "date" : 732108732.049576,
        "title" : "Untitled",
        "transform" : [
          0.99999994,
          0,
          -0,
          0,
          -0,
          0.8660254,
          -0.49999988,
          0,
          0,
          0.49999988,
          0.8660254,
          0,
          0,
          0.06450653,
          0.1294563,
          1
        ]
      },
      {
        "date" : 732108730.546411,
        "title" : "Untitled",
        "transform" : [
          0.99999994,
          0,
          -0,
          0,
          -0,
          0.8660254,
          -0.49999988,
          0,
          0,
          0.49999988,
          0.8660254,
          0,
          9.313225e-10,
          0.06447229,
          0.12903264,
          1
        ]
      },
      {
        "date" : 732108728.633251,
        "title" : "Untitled",
        "transform" : [
          0.99999994,
          0,
          -0,
          0,
          -0,
          0.8660254,
          -0.49999988,
          0,
          0,
          0.49999988,
          0.8660254,
          0,
          0,
          0.06447229,
          0.12943266,
          1
        ]
      },
      {
        "date" : 732108726.314653,
        "title" : "Untitled",
        "transform" : [
          0.99999994,
          0,
          0,
          0,
          0,
          0.8660255,
          -0.49999988,
          0,
          0,
          0.49999988,
          0.8660255,
          0,
          0,
          0.21133271,
          0.36623898,
          1
        ]
      },
      {
        "date" : 732108723.549863,
        "title" : "Untitled",
        "transform" : [
          0.99999994,
          0,
          -0,
          0,
          -0,
          0.8660255,
          -0.49999988,
          0,
          0,
          0.49999988,
          0.8660255,
          0,
          0,
          0.2173322,
          0.37663046,
          1
        ]
      }
    ]
  },
  "selectedSceneRelativePath" : "Immersive.usda"
}