{
  "advancedEditorSelectedIdentifier" : "ProjectBrowser",
  "openSceneRelativePaths" : [
    "Immersive.usda",
    "Scene.usda"
  ],
  "recentIdentifiers" : {
    "AF09ED6F-1707-48FD-8720-65B998362C09" : [

    ]
  },
  "sceneCameraHistory" : {
    "AF09ED6F-1707-48FD-8720-65B998362C09" : [
      {
        "date" : 732452871.102501,
        "title" : "Untitled",
        "transform" : [
          0.96151614,
          -7.290796e-09,
          -0.2747484,
          0,
          -0.13350879,
          0.87399715,
          -0.4672306,
          0,
          0.24012932,
          0.48593107,
          0.84036237,
          0,
          37.559937,
          55.229156,
          111.37744,
          1
        ]
      },
      {
        "date" : 732451958.294824,
        "title" : "Untitled",
        "transform" : [
          0.96151614,
          -7.290796e-09,
          -0.2747484,
          0,
          -0.13350879,
          0.87399715,
          -0.4672306,
          0,
          0.24012932,
          0.48593107,
          0.84036237,
          0,
          42.56145,
          65.39423,
          128.90321,
          1
        ]
      },
      {
        "date" : 732451945.892083,
        "title" : "Untitled",
        "transform" : [
          0.16507836,
          -4.0152244e-08,
          0.9862805,
          0,
          -0.22176972,
          0.9743923,
          0.037118655,
          0,
          -0.9610242,
          -0.22485463,
          0.16085108,
          0,
          18.50988,
          -6.84076,
          -1.5789895,
          1
        ]
      },
      {
        "date" : 732451940.843288,
        "title" : "Untitled",
        "transform" : [
          0.9913551,
          -4.016109e-08,
          -0.13120618,
          0,
          0.029383944,
          0.9746002,
          0.22201625,
          0,
          0.12787354,
          -0.2239523,
          0.96617484,
          0,
          26.224358,
          -6.83364,
          5.963334,
          1
        ]
      },
      {
        "date" : 732451922.441904,
        "title" : "Untitled",
        "transform" : [
          0.09887945,
          -3.9338005e-08,
          0.9950994,
          0,
          -0.058015306,
          0.9982991,
          0.005764792,
          0,
          -0.99340683,
          -0.05830102,
          0.09871124,
          0,
          16.203741,
          -5.838871,
          -1.9853967,
          1
        ]
      },
      {
        "date" : 732451915.92619,
        "title" : "Untitled",
        "transform" : [
          -0.9596705,
          -3.932881e-08,
          0.28112748,
          0,
          -0.040413383,
          0.9896134,
          -0.13795702,
          0,
          -0.2782075,
          -0.14375459,
          -0.94970274,
          0,
          26.349958,
          -6.665884,
          -9.956947,
          1
        ]
      },
      {
        "date" : 732451905.381823,
        "title" : "Untitled",
        "transform" : [
          -0.9596705,
          -3.932881e-08,
          0.28112748,
          0,
          -0.040413383,
          0.9896134,
          -0.13795702,
          0,
          -0.2782075,
          -0.14375459,
          -0.94970274,
          0,
          26.343119,
          -6.5801992,
          -9.601913,
          1
        ]
      },
      {
        "date" : 732451892.137865,
        "title" : "Untitled",
        "transform" : [
          -0.99996305,
          -4.005012e-08,
          -0.008602135,
          0,
          0.0009849326,
          0.9934231,
          -0.114497,
          0,
          0.008545595,
          -0.11450124,
          -0.9933864,
          0,
          39.46894,
          -5.2411594,
          -11.601385,
          1
        ]
      },
      {
        "date" : 732451884.469846,
        "title" : "Untitled",
        "transform" : [
          0.16142479,
          -4.0052146e-08,
          -0.9868851,
          0,
          0.12356974,
          0.99213004,
          0.02021228,
          0,
          0.9791183,
          -0.1252119,
          0.16015442,
          0,
          61.97448,
          -6.378831,
          2.609283,
          1
        ]
      },
      {
        "date" : 732451875.037275,
        "title" : "Untitled",
        "transform" : [
          -0.9144829,
          -3.9379675e-08,
          0.40462446,
          0,
          -0.062612236,
          0.9879549,
          -0.14150849,
          0,
          -0.3997507,
          -0.15474156,
          -0.90346795,
          0,
          5.7579036,
          -7.409772,
          -15.098331,
          1
        ]
      }
    ],
    "D66134B1-3681-4A8E-AFE5-29F257229F3B" : [
      {
        "date" : 732433922.205677,
        "title" : "Untitled",
        "transform" : [
          0.99999994,
          0,
          -0,
          0,
          -0,
          0.8660254,
          -0.49999994,
          0,
          0,
          0.49999994,
          0.8660254,
          0,
          0,
          0.22221431,
          0.38508654,
          1
        ]
      }
    ]
  },
  "selectedSceneRelativePath" : "Immersive.usda"
}