{
  "advancedEditorSelectedIdentifier" : "ProjectBrowser",
  "openSceneRelativePaths" : [
    "Immersive.usda"
  ],
  "recentIdentifiers" : {

  },
  "sceneCameraHistory" : {
    "AF09ED6F-1707-48FD-8720-65B998362C09" : [
      {
        "date" : 732108255.89113,
        "title" : "Untitled",
        "transform" : [
          0.8200069,
          8.9245695e-09,
          0.5723536,
          0,
          0.1557258,
          0.96227473,
          -0.2231073,
          0,
          -0.5507614,
          0.27207974,
          0.78907186,
          0,
          -4.559683,
          0.74253786,
          0.85429496,
          1
        ]
      },
      {
        "date" : 732108240.639215,
        "title" : "Untitled",
        "transform" : [
          -0.5568756,
          -6.767067e-10,
          -0.83059615,
          0,
          0.64428365,
          0.6311161,
          -0.43196186,
          0,
          0.5242025,
          -0.7756884,
          -0.351453,
          0,
          -0.4986807,
          -3.8444386,
          -6.238977,
          1
        ]
      },
      {
        "date" : 732108199.173857,
        "title" : "Untitled",
        "transform" : [
          0.76555395,
          -6.752986e-09,
          0.6433718,
          0,
          0.061962023,
          0.9953515,
          -0.073729135,
          0,
          -0.64038116,
          0.09630824,
          0.7619952,
          0,
          -4.022623,
          -0.38100272,
          -0.4589544,
          1
        ]
      },
      {
        "date" : 732108197.143182,
        "title" : "Untitled",
        "transform" : [
          0.76555395,
          -6.752986e-09,
          0.6433718,
          0,
          0.061962023,
          0.9953515,
          -0.073729135,
          0,
          -0.64038116,
          0.09630824,
          0.7619952,
          0,
          -3.699638,
          -0.5302305,
          -1.1041609,
          1
        ]
      },
      {
        "date" : 732108172.993687,
        "title" : "Untitled",
        "transform" : [
          0.76555395,
          -6.752986e-09,
          0.6433718,
          0,
          0.061962023,
          0.9953515,
          -0.073729135,
          0,
          -0.64038116,
          0.09630824,
          0.7619952,
          0,
          -6.870797,
          0.934926,
          5.2306385,
          1
        ]
      },
      {
        "date" : 732108165.170881,
        "title" : "Untitled",
        "transform" : [
          0.14572747,
          -6.1495635e-09,
          -0.9893248,
          0,
          -0.06584025,
          0.997783,
          -0.009698277,
          0,
          0.9871315,
          0.066550694,
          0.14540438,
          0,
          9.388485,
          0.39456367,
          -1.3029919,
          1
        ]
      },
      {
        "date" : 732108161.519737,
        "title" : "Untitled",
        "transform" : [
          0.14572747,
          -6.1495635e-09,
          -0.9893248,
          0,
          -0.06584025,
          0.997783,
          -0.009698277,
          0,
          0.9871315,
          0.066550694,
          0.14540438,
          0,
          0.51475644,
          -0.0032129115,
          -2.610092,
          1
        ]
      },
      {
        "date" : 732108155.507573,
        "title" : "Untitled",
        "transform" : [
          0.9250966,
          -6.291315e-09,
          -0.37973192,
          0,
          -0.041665945,
          0.993962,
          -0.10150592,
          0,
          0.3774391,
          0.10972467,
          0.91951084,
          0,
          -0.9052628,
          0.16069257,
          -0.028356552,
          1
        ]
      },
      {
        "date" : 732108152.345919,
        "title" : "Untitled",
        "transform" : [
          0.9250966,
          -6.291315e-09,
          -0.37973192,
          0,
          -0.041665945,
          0.993962,
          -0.10150592,
          0,
          0.3774391,
          0.10972467,
          0.91951084,
          0,
          -1.4860609,
          0.02626515,
          -1.4432857,
          1
        ]
      },
      {
        "date" : 732108133.476335,
        "title" : "Untitled",
        "transform" : [
          1,
          0,
          -0,
          0,
          -0,
          0.8546705,
          -0.5191708,
          0,
          0,
          0.5191708,
          0.8546705,
          0,
          -2.1245937,
          8.927352,
          12.674238,
          1
        ]
      }
    ]
  }
}