{
  "advancedEditorSelectedIdentifier" : "ProjectBrowser",
  "openSceneRelativePaths" : [
    "Bird_With_Audio.usda"
  ],
  "recentIdentifiers" : {

  },
  "sceneCameraHistory" : {
    "5297D9AC-B326-49EE-AE9B-4BB66765CE10" : [
      {
        "date" : 732458111.966775,
        "title" : "Untitled",
        "transform" : [
          0.9853813,
          4.1948667e-09,
          0.17036337,
          0,
          0.082998134,
          0.87329996,
          -0.480061,
          0,
          -0.1487783,
          0.48718295,
          0.8605335,
          0,
          -0.03711311,
          0.06360086,
          0.09635214,
          1
        ]
      },
      {
        "date" : 732458106.815768,
        "title" : "Untitled",
        "transform" : [
          0.9853813,
          4.1948667e-09,
          0.17036337,
          0,
          0.082998134,
          0.87329996,
          -0.480061,
          0,
          -0.1487783,
          0.48718295,
          0.8605335,
          0,
          -0.010110864,
          0.017327027,
          0.026249582,
          1
        ]
      },
      {
        "date" : 732099860.514087,
        "title" : "Untitled",
        "transform" : [
          0.9853813,
          4.1948667e-09,
          0.17036337,
          0,
          0.082998134,
          0.87329996,
          -0.480061,
          0,
          -0.1487783,
          0.48718295,
          0.8605335,
          0,
          -0.02698109,
          0.0462376,
          0.070047654,
          1
        ]
      },
      {
        "date" : 732099846.28441,
        "title" : "Untitled",
        "transform" : [
          0.9853813,
          4.1948667e-09,
          0.17036337,
          0,
          0.082998134,
          0.87329996,
          -0.480061,
          0,
          -0.1487783,
          0.48718295,
          0.8605335,
          0,
          -0.02466286,
          0.038646426,
          0.056639023,
          1
        ]
      },
      {
        "date" : 732099836.409859,
        "title" : "Untitled",
        "transform" : [
          0.9853813,
          4.1948667e-09,
          0.17036337,
          0,
          0.082998134,
          0.87329996,
          -0.480061,
          0,
          -0.1487783,
          0.48718295,
          0.8605335,
          0,
          -0.016782328,
          0.050911523,
          0.10798011,
          1
        ]
      },
      {
        "date" : 732099824.127251,
        "title" : "Untitled",
        "transform" : [
          1,
          0,
          0,
          0,
          0,
          0.8660254,
          -0.5,
          0,
          0,
          0.5,
          0.8660254,
          0,
          0,
          0.05186378,
          0.091171265,
          1
        ]
      },
      {
        "date" : 732099804.085745,
        "title" : "Untitled",
        "transform" : [
          1,
          0,
          0,
          0,
          0,
          0.8660254,
          -0.5,
          0,
          0,
          0.5,
          0.8660254,
          0,
          0,
          0.05186378,
          0.091171265,
          1
        ]
      },
      {
        "date" : 732099783.376439,
        "title" : "Untitled",
        "transform" : [
          1,
          0,
          0,
          0,
          0,
          0.8660254,
          -0.5,
          0,
          0,
          0.5,
          0.8660254,
          0,
          0,
          0.057819657,
          0.1023153,
          1
        ]
      },
      {
        "date" : 732099766.930256,
        "title" : "Untitled",
        "transform" : [
          1,
          0,
          0,
          0,
          0,
          0.8660254,
          -0.5,
          0,
          0,
          0.5,
          0.8660254,
          0,
          0,
          3.6937191,
          6.397717,
          1
        ]
      },
      {
        "date" : 732099754.413246,
        "title" : "Untitled",
        "transform" : [
          1,
          0,
          0,
          0,
          0,
          0.8660254,
          -0.5,
          0,
          0,
          0.5,
          0.8660254,
          0,
          0,
          0.04552263,
          0.0788475,
          1
        ]
      }
    ]
  }
}